0 0.056773 0.636151 0.113546 0.333975
0 0.162200 0.564503 0.164031 0.316349
0 0.306665 0.490612 0.167100 0.314969
0 0.381358 0.443672 0.114315 0.305272
0 0.507377 0.451632 0.168031 0.328682
0 0.672654 0.468870 0.198631 0.365628
0 0.862723 0.518870 0.226185 0.382134
0 0.922796 0.178677 0.154408 0.349508
0 0.779615 0.156909 0.203908 0.313818
0 0.604838 0.144095 0.179923 0.288190
0 0.442058 0.147218 0.169638 0.277280
0 0.302477 0.161365 0.170923 0.265638
0 0.163646 0.219718 0.175862 0.295921
0 0.058673 0.281203 0.117346 0.344854
0 0.035538 0.050889 0.071077 0.101778
0 0.129554 0.035136 0.148046 0.070272
0 0.289446 0.027087 0.148046 0.054174
0 0.101423 0.867505 0.174692 0.161056
0 0.243242 0.823755 0.199315 0.183389
0 0.310673 0.789351 0.302438 0.236025
0 0.489165 0.747573 0.203285 0.343849
0 0.665415 0.762986 0.207277 0.303400
0 0.854785 0.785858 0.211338 0.273787
0 0.957381 0.800424 0.085238 0.256308
