0 0.082516 0.257259 0.056375 0.058235
0 0.190352 0.286882 0.047078 0.059176
0 0.157430 0.327024 0.024828 0.031976
0 0.262578 0.304647 0.038500 0.049294
0 0.314039 0.281882 0.051453 0.062306
0 0.346711 0.312000 0.025953 0.035765
0 0.398297 0.315035 0.052188 0.049506
0 0.526984 0.223153 0.052250 0.071529
0 0.608945 0.298894 0.041891 0.057224
0 0.653273 0.299812 0.033266 0.033788
0 0.704648 0.317306 0.045703 0.047271
0 0.736047 0.284165 0.031312 0.023859
0 0.761125 0.293153 0.033156 0.037224
0 0.794672 0.283447 0.028313 0.022894
0 0.892781 0.299812 0.040156 0.045506
0 0.906813 0.270106 0.042500 0.049953
0 0.993023 0.365094 0.013953 0.041576
