0 0.643951 0.916995 0.062435 0.159197
0 0.697740 0.913187 0.074132 0.167772
0 0.742940 0.908957 0.077383 0.172319
0 0.776755 0.911237 0.094288 0.170376
0 0.825654 0.900538 0.140065 0.165894
0 0.528102 0.765952 0.033718 0.136723
0 0.551982 0.763141 0.030907 0.140453
0 0.574922 0.764080 0.037461 0.136710
0 0.592247 0.760803 0.040272 0.135777
0 0.614249 0.760797 0.026218 0.139521
0 0.645155 0.757053 0.039326 0.139521
0 0.674650 0.754242 0.042150 0.145142
0 0.709301 0.750499 0.044016 0.137655
0 0.724281 0.750032 0.030894 0.138588
0 0.745816 0.751438 0.034637 0.141399
0 0.767358 0.745823 0.038394 0.145142
0 0.797008 0.740667 0.058990 0.142345
0 0.847876 0.737953 0.113886 0.138782
0 0.026360 0.935259 0.052720 0.129482
0 0.065402 0.929411 0.064378 0.141179
0 0.126852 0.931360 0.070233 0.137280
0 0.182778 0.931360 0.072837 0.137280
0 0.235155 0.929087 0.073420 0.141826
0 0.288782 0.927461 0.089741 0.145078
0 0.352506 0.928433 0.072837 0.143135
0 0.405246 0.919495 0.076477 0.154508
0 0.451593 0.922843 0.075699 0.152163
0 0.492565 0.920661 0.053057 0.158679
0 0.531192 0.919333 0.058523 0.159184
0 0.563575 0.916600 0.063990 0.164650
0 0.592448 0.912701 0.046813 0.163096
0 0.430246 0.572487 0.053368 0.165751
0 0.456464 0.567338 0.066477 0.164806
0 0.478005 0.570149 0.044016 0.157319
0 0.488776 0.565933 0.029961 0.156373
0 0.511710 0.560784 0.038394 0.155453
0 0.528569 0.563122 0.042137 0.148886
0 0.547299 0.555635 0.042137 0.165751
0 0.574449 0.560311 0.034650 0.154508
0 0.594119 0.557500 0.045881 0.160130
0 0.626891 0.558439 0.070233 0.156386
0 0.645155 0.556101 0.050570 0.159197
0 0.662940 0.558439 0.044948 0.163873
0 0.687293 0.556567 0.058057 0.169482
0 0.709301 0.552351 0.064611 0.170427
0 0.725220 0.544864 0.051503 0.177915
0 0.762209 0.542986 0.067422 0.176049
0 0.781865 0.546269 0.052435 0.175104
0 0.835712 0.539709 0.111425 0.195712
0 0.044799 0.412655 0.087396 0.161528
0 0.097889 0.408426 0.054560 0.171541
0 0.152494 0.407506 0.067889 0.171671
0 0.207118 0.407118 0.060091 0.166205
0 0.236768 0.407506 0.041360 0.168562
0 0.274223 0.405946 0.053834 0.171684
0 0.317532 0.403601 0.059313 0.162306
0 0.354598 0.401652 0.052280 0.164650
0 0.389326 0.396969 0.065544 0.175570
0 0.423271 0.396580 0.066334 0.154508
0 0.449022 0.393070 0.056956 0.172461
0 0.479456 0.388776 0.058523 0.177915
0 0.497791 0.392286 0.046826 0.169339
0 0.532124 0.390337 0.063990 0.162306
0 0.571924 0.385654 0.087396 0.170117
0 0.589482 0.380972 0.071010 0.168549
0 0.618750 0.380194 0.087396 0.176347
0 0.642157 0.380583 0.084288 0.167772
0 0.664391 0.378245 0.064767 0.170894
0 0.698342 0.372778 0.057746 0.172448
0 0.740874 0.377073 0.086619 0.168549
0 0.772474 0.370835 0.071788 0.170117
0 0.824573 0.369003 0.094016 0.169119
0 0.812209 0.183782 0.116127 0.175104
0 0.731677 0.194087 0.097396 0.158251
0 0.671749 0.193148 0.074922 0.167617
0 0.633828 0.202040 0.060868 0.162940
0 0.604326 0.202979 0.058057 0.166684
0 0.571554 0.203446 0.058057 0.171373
0 0.535965 0.209534 0.043070 0.159197
0 0.499449 0.211405 0.054313 0.164806
0 0.466205 0.212345 0.060855 0.162927
0 0.417513 0.214683 0.051503 0.173225
0 0.372092 0.222176 0.059935 0.165751
0 0.336043 0.222642 0.059003 0.161062
0 0.277519 0.224048 0.069288 0.162008
0 0.214307 0.223575 0.066490 0.155440
0 0.156723 0.236218 0.076788 0.161995
0 0.107092 0.233407 0.078666 0.160130
0 0.036690 0.233880 0.073381 0.149832
0 0.510311 0.765013 0.037461 0.146088
0 0.484560 0.763141 0.049637 0.142345
0 0.446632 0.770628 0.065544 0.132966
0 0.404961 0.766418 0.051503 0.148899
0 0.377804 0.767824 0.047759 0.127358
0 0.359074 0.776723 0.047759 0.141399
0 0.336140 0.774845 0.037461 0.133912
0 0.291658 0.782804 0.053368 0.131101
0 0.249514 0.772506 0.053381 0.138588
0 0.217681 0.779061 0.064611 0.140453
0 0.170395 0.776250 0.059935 0.142345
0 0.112338 0.781399 0.080531 0.139534
0 0.039760 0.781872 0.072111 0.127345
0 0.019132 0.590337 0.038264 0.162927
0 0.050622 0.592021 0.053938 0.159560
0 0.091639 0.584722 0.079780 0.160687
0 0.138271 0.583595 0.076412 0.162940
0 0.190525 0.584722 0.088769 0.151697
0 0.237720 0.582474 0.077539 0.156192
0 0.289786 0.578109 0.060868 0.165751
0 0.325835 0.575764 0.052448 0.157306
0 0.359080 0.574825 0.053368 0.162940
0 0.383892 0.571554 0.037448 0.161995
0 0.411982 0.571554 0.052435 0.160130
