0 0.097476 0.918042 0.193443 0.163915
0 0.253662 0.902407 0.194752 0.195185
0 0.308190 0.873748 0.332370 0.246614
0 0.487358 0.821825 0.192146 0.356349
0 0.661338 0.836384 0.194752 0.327231
0 0.852187 0.867460 0.210318 0.265079
0 0.949699 0.875644 0.100601 0.248713
0 0.861863 0.555979 0.241274 0.432028
0 0.950136 0.567310 0.099729 0.415855
0 0.673614 0.517954 0.208785 0.420705
0 0.504823 0.496914 0.182854 0.359224
0 0.372288 0.489638 0.142807 0.351129
0 0.277978 0.553175 0.168644 0.335838
0 0.153833 0.615079 0.178491 0.334533
0 0.058933 0.668307 0.117866 0.370864
0 0.063927 0.317046 0.127854 0.384462
0 0.155324 0.246808 0.200318 0.360459
0 0.298331 0.187451 0.167111 0.300970
0 0.441403 0.170450 0.162288 0.332046
0 0.610831 0.165317 0.181757 0.330635
0 0.776368 0.176975 0.193443 0.353951
0 0.930041 0.187222 0.139917 0.370494
0 0.035018 0.061111 0.070035 0.122222
0 0.130012 0.049453 0.141769 0.098907
0 0.267895 0.023827 0.171380 0.047654
