0 0.034069 0.798619 0.068138 0.246764
0 0.117559 0.802528 0.160194 0.248110
0 0.284100 0.809948 0.168987 0.219793
0 0.430128 0.816687 0.138706 0.211700
0 0.579219 0.816657 0.174325 0.213503
0 0.755378 0.816372 0.176631 0.213503
0 0.912541 0.824802 0.159406 0.194780
0 0.896003 0.603619 0.207994 0.309948
0 0.735706 0.593788 0.229275 0.249094
0 0.588269 0.590733 0.221400 0.316877
0 0.420587 0.581182 0.224662 0.250578
0 0.246884 0.581519 0.201219 0.275082
0 0.096581 0.566687 0.193163 0.250802
0 0.077453 0.375475 0.137306 0.174797
0 0.223600 0.380160 0.166187 0.179474
0 0.372678 0.385207 0.130481 0.164530
0 0.494063 0.383326 0.126925 0.160319
0 0.625138 0.381760 0.133638 0.183900
0 0.737650 0.383909 0.104013 0.173236
0 0.860313 0.389409 0.144137 0.187204
0 0.963019 0.402446 0.073962 0.192830
0 0.937622 0.189396 0.124756 0.219793
0 0.805403 0.190069 0.168981 0.221139
0 0.654003 0.193438 0.184606 0.225186
0 0.485509 0.190742 0.189494 0.219793
0 0.339484 0.204901 0.174844 0.221139
0 0.229597 0.210966 0.087906 0.209008
0 0.241806 0.055932 0.116238 0.111864
0 0.377575 0.054582 0.165075 0.109163
0 0.557303 0.050535 0.198281 0.101070
0 0.750703 0.047166 0.188519 0.094331
0 0.916131 0.046493 0.167738 0.092985
