0 0.046482 0.061981 0.092964 0.123962
0 0.204727 0.106639 0.233891 0.213279
0 0.446227 0.092077 0.259727 0.184153
0 0.709245 0.118292 0.188782 0.236585
0 0.909509 0.125902 0.180982 0.213607
0 0.850082 0.302609 0.266309 0.252432
0 0.580100 0.288046 0.281691 0.285437
0 0.324836 0.295806 0.293455 0.297077
0 0.115609 0.219112 0.231218 0.240792
0 0.094936 0.442404 0.189873 0.306776
0 0.154273 0.777964 0.308545 0.434235
0 0.318827 0.530560 0.276527 0.300956
0 0.459245 0.764536 0.284018 0.470929
0 0.638755 0.533470 0.300818 0.400765
0 0.896055 0.534180 0.207891 0.370492
0 0.817245 0.767063 0.365509 0.398661
