0 0.374695 0.514993 0.016719 0.027458
0 0.397238 0.522681 0.020742 0.025639
0 0.419273 0.469000 0.036578 0.052028
0 0.458289 0.511813 0.026219 0.036847
0 0.477949 0.536194 0.025914 0.037944
0 0.347918 0.559021 0.014820 0.024458
0 0.500047 0.500451 0.034141 0.050903
0 0.512871 0.550076 0.028164 0.071514
0 0.541199 0.493396 0.047555 0.060125
0 0.590887 0.537278 0.026820 0.046056
0 0.644230 0.456264 0.048164 0.068278
0 0.681680 0.488806 0.032047 0.049167
0 0.614742 0.543431 0.025453 0.042917
0 0.718477 0.497944 0.042672 0.050278
0 0.696621 0.563347 0.058242 0.066111
0 0.898297 0.069583 0.112172 0.138778
0 0.054598 0.483840 0.024258 0.031097
0 0.136426 0.514993 0.020539 0.030486
0 0.152512 0.508896 0.019477 0.024847
0 0.179184 0.529028 0.010164 0.026722
0 0.189559 0.529035 0.008461 0.030486
0 0.196859 0.545021 0.009953 0.017319
0 0.206449 0.542396 0.012133 0.016764
0 0.220293 0.535535 0.017273 0.023514
0 0.230762 0.561667 0.016414 0.021778
0 0.246566 0.536736 0.021320 0.026778
0 0.277477 0.574701 0.026641 0.025764
0 0.280793 0.546979 0.019477 0.029736
0 0.294234 0.546042 0.015453 0.021083
0 0.326520 0.538701 0.024133 0.031986
0 0.311168 0.576521 0.018836 0.025597
0 0.337059 0.508799 0.018523 0.020903
0 0.341230 0.532868 0.016086 0.025597
0 0.367207 0.543826 0.028367 0.035042
