0 0.594810 0.762793 0.382720 0.437133
0 0.423803 0.472458 0.049160 0.058057
0 0.370075 0.535667 0.048460 0.047760
0 0.377801 0.473863 0.024582 0.032773
0 0.323371 0.482292 0.028093 0.023410
0 0.271051 0.500082 0.035817 0.047757
0 0.944348 0.519362 0.082425 0.078683
0 0.993024 0.525865 0.013952 0.064377
0 0.745115 0.470592 0.030240 0.043570
0 0.777060 0.431900 0.050235 0.059827
0 0.568057 0.472007 0.029805 0.039740
0 0.638506 0.468305 0.029128 0.043803
0 0.652900 0.482528 0.038950 0.042450
0 0.601419 0.502398 0.024048 0.025290
0 0.534527 0.446900 0.040235 0.045520
0 0.514125 0.516153 0.015040 0.024927
0 0.489536 0.524553 0.016257 0.028720
