0 0.089990 0.193362 0.052383 0.064498
0 0.176392 0.202179 0.041670 0.047295
0 0.218813 0.198207 0.038564 0.046739
0 0.292896 0.095549 0.033896 0.040649
0 0.347842 0.122419 0.035098 0.043818
0 0.344873 0.183338 0.041660 0.050572
0 0.451904 0.099343 0.038008 0.045518
0 0.448232 0.214165 0.038965 0.046321
0 0.489985 0.141731 0.036318 0.049799
0 0.491235 0.211662 0.035693 0.045889
0 0.545078 0.155726 0.044941 0.045611
0 0.608228 0.158547 0.036807 0.046553
0 0.645039 0.184884 0.046797 0.055085
0 0.687666 0.223006 0.047559 0.059088
0 0.800952 0.186708 0.051084 0.059505
0 0.859341 0.218524 0.048037 0.053740
0 0.914507 0.204498 0.071572 0.071499
