0 0.193196 0.703770 0.131843 0.101337
0 0.323988 0.701330 0.164810 0.111631
0 0.464247 0.705124 0.159187 0.100795
0 0.588023 0.696454 0.131843 0.118135
0 0.708114 0.702584 0.155692 0.102721
0 0.844905 0.697590 0.153581 0.120301
0 0.855048 0.591464 0.154853 0.118356
0 0.720402 0.598613 0.134645 0.126156
0 0.589957 0.596664 0.143062 0.123556
0 0.447820 0.610314 0.191938 0.116738
0 0.324048 0.600241 0.141349 0.121604
0 0.195311 0.611898 0.149516 0.129813
0 0.154035 0.523021 0.063953 0.105414
0 0.239455 0.513265 0.111920 0.109178
0 0.329079 0.511641 0.102673 0.087854
0 0.422491 0.509656 0.114446 0.090394
0 0.530208 0.505465 0.107716 0.079271
0 0.632876 0.509362 0.111081 0.076798
0 0.753642 0.511283 0.145588 0.063730
0 0.875277 0.500538 0.114118 0.071009
0 0.886384 0.415872 0.102007 0.107694
0 0.778837 0.426016 0.113106 0.106123
0 0.659671 0.423285 0.125225 0.110033
0 0.524351 0.415872 0.131280 0.112373
0 0.396605 0.421337 0.136324 0.107687
0 0.270878 0.421334 0.115130 0.110809
0 0.163651 0.421684 0.088149 0.097848
0 0.186492 0.349054 0.137829 0.048924
0 0.323339 0.352239 0.157301 0.052340
0 0.481756 0.347473 0.163045 0.046965
0 0.625809 0.350408 0.130908 0.052834
0 0.761592 0.350498 0.137457 0.055274
0 0.887824 0.346975 0.109403 0.048229
