0 0.107225 0.048444 0.214450 0.096889
0 0.296017 0.061256 0.214067 0.122511
0 0.486492 0.043839 0.210683 0.087678
0 0.641558 0.037656 0.143283 0.075311
0 0.778933 0.052278 0.151700 0.097756
0 0.917142 0.044978 0.134850 0.087644
0 0.955200 0.183756 0.089600 0.196644
0 0.830342 0.193867 0.207317 0.210133
0 0.578350 0.212967 0.377567 0.228111
0 0.301917 0.234317 0.310133 0.214633
0 0.043083 0.240500 0.086167 0.267444
0 0.160333 0.225328 0.235967 0.255078
0 0.213433 0.414133 0.264633 0.126933
0 0.434233 0.389950 0.193833 0.112367
0 0.640717 0.355678 0.235967 0.097756
0 0.867425 0.317472 0.227550 0.079789
0 0.970375 0.416356 0.059250 0.207889
0 0.812783 0.440494 0.267967 0.172811
0 0.569583 0.502633 0.323300 0.180578
0 0.275400 0.503606 0.294167 0.233011
0 0.083092 0.574472 0.166183 0.254367
0 0.193850 0.814961 0.305833 0.366411
0 0.556708 0.745350 0.419417 0.361167
0 0.865733 0.673117 0.268533 0.361167
0 0.940875 0.883989 0.118250 0.223689
0 0.783883 0.926833 0.265633 0.146333
0 0.509525 0.956000 0.255150 0.088000
