0 0.380795 0.753500 0.165897 0.339786
0 0.072026 0.212786 0.138256 0.284786
0 0.064705 0.430571 0.129410 0.383500
0 0.072962 0.755339 0.145923 0.343679
0 0.216295 0.716589 0.191000 0.436893
0 0.203051 0.450571 0.158923 0.398071
0 0.232321 0.207857 0.161718 0.413571
0 0.364051 0.417571 0.165897 0.409714
0 0.508346 0.678732 0.223051 0.477679
0 0.680513 0.678732 0.190974 0.500964
0 0.672859 0.395250 0.192385 0.345643
0 0.527167 0.383589 0.149154 0.330107
0 0.394872 0.179125 0.144974 0.337893
0 0.525487 0.138696 0.135231 0.277393
0 0.660026 0.149214 0.142205 0.271857
0 0.802718 0.134143 0.142205 0.268286
0 0.928551 0.137643 0.142897 0.275286
0 0.931897 0.297411 0.136205 0.305250
0 0.811923 0.341679 0.167282 0.356500
0 0.875846 0.705196 0.248308 0.500964
0 0.964513 0.503643 0.070974 0.307571
