0 0.083924 0.075147 0.167848 0.150295
0 0.262061 0.076218 0.196566 0.152436
0 0.459732 0.066631 0.209404 0.133261
0 0.642960 0.073527 0.171253 0.147053
0 0.816606 0.075688 0.181899 0.151375
0 0.952000 0.067063 0.096000 0.134126
0 0.952359 0.300658 0.095283 0.321002
0 0.833268 0.305010 0.153323 0.302358
0 0.683667 0.306041 0.173556 0.312711
0 0.517561 0.298792 0.169303 0.327210
0 0.349005 0.299136 0.169323 0.317839
0 0.189586 0.291513 0.163414 0.325029
0 0.062697 0.293762 0.125394 0.296837
0 0.034384 0.593006 0.068768 0.281650
0 0.144556 0.579224 0.152808 0.270864
0 0.272414 0.576827 0.117697 0.268468
0 0.390414 0.574430 0.146646 0.225324
0 0.520258 0.569951 0.137101 0.211729
0 0.657303 0.573055 0.145212 0.225914
0 0.803136 0.566886 0.183424 0.217073
0 0.936692 0.555373 0.126616 0.206149
0 0.920404 0.819332 0.159192 0.361336
0 0.770020 0.836916 0.174586 0.323576
0 0.588086 0.835216 0.191020 0.329568
0 0.419434 0.801847 0.233737 0.384126
0 0.276763 0.845236 0.223303 0.309528
0 0.086646 0.859784 0.173293 0.280432
