0 0.079238 0.051879 0.158477 0.103757
0 0.252959 0.055585 0.193652 0.111170
0 0.441211 0.051542 0.206270 0.103085
0 0.621357 0.054912 0.163027 0.109825
0 0.781079 0.059591 0.153467 0.119181
0 0.931592 0.053925 0.136816 0.107851
0 0.071040 0.222741 0.142080 0.221681
0 0.185317 0.225168 0.157803 0.239488
0 0.336636 0.222741 0.170771 0.234635
0 0.502549 0.216272 0.167539 0.260526
0 0.657114 0.231316 0.161045 0.247573
0 0.796108 0.228085 0.151318 0.223304
0 0.933726 0.219181 0.132549 0.218450
0 0.034546 0.445417 0.069092 0.199459
0 0.136948 0.433246 0.150713 0.197573
0 0.263315 0.433246 0.109443 0.184474
0 0.374653 0.432303 0.135732 0.162003
0 0.504351 0.419854 0.141104 0.157310
0 0.636084 0.432215 0.134355 0.170804
0 0.773848 0.423099 0.184824 0.155263
0 0.914678 0.410446 0.165371 0.169898
0 0.900845 0.630190 0.177256 0.275088
0 0.734175 0.641528 0.169697 0.270190
0 0.567187 0.633421 0.194551 0.286404
0 0.391118 0.662222 0.189365 0.285439
0 0.231450 0.655044 0.158232 0.285439
0 0.079214 0.684554 0.158428 0.279605
0 0.083804 0.896104 0.167607 0.207792
0 0.244653 0.884452 0.191436 0.231096
0 0.415083 0.898436 0.177432 0.203129
0 0.575396 0.870475 0.158760 0.259050
0 0.719624 0.882924 0.189150 0.234152
0 0.881392 0.883348 0.186768 0.233304
0 0.951719 0.879459 0.096562 0.241082
