0 0.103012 0.069753 0.206025 0.139506
0 0.304272 0.081403 0.240173 0.162806
0 0.557790 0.065870 0.259580 0.131739
0 0.784012 0.070721 0.195284 0.141443
0 0.943864 0.080435 0.112272 0.160870
0 0.966302 0.301640 0.067395 0.328142
0 0.822235 0.291937 0.191630 0.351462
0 0.629333 0.289012 0.189284 0.353399
0 0.426185 0.295820 0.202568 0.328162
0 0.236352 0.274457 0.177099 0.351443
0 0.070259 0.293883 0.140519 0.300968
0 0.046000 0.579308 0.092000 0.262134
0 0.170846 0.566690 0.177099 0.295158
0 0.334599 0.564753 0.157691 0.283498
0 0.471062 0.573488 0.163753 0.250494
0 0.626327 0.555040 0.166185 0.271858
0 0.798327 0.577372 0.174679 0.250474
0 0.939796 0.563775 0.120407 0.277668
0 0.913111 0.833834 0.173778 0.332332
0 0.731735 0.823933 0.198926 0.352134
0 0.497019 0.837174 0.231691 0.320395
0 0.296889 0.844318 0.209827 0.311364
0 0.103858 0.853053 0.207716 0.293893
