0 0.154071 0.818029 0.308142 0.363941
0 0.450321 0.794634 0.283142 0.410732
0 0.813650 0.822357 0.372700 0.354328
0 0.887983 0.550579 0.224033 0.285872
0 0.631075 0.604927 0.299867 0.378482
0 0.316092 0.637144 0.289783 0.402650
0 0.099458 0.474075 0.198917 0.334194
0 0.311054 0.327091 0.284742 0.314101
0 0.571858 0.327091 0.267100 0.314101
0 0.845267 0.308788 0.281383 0.251664
0 0.907617 0.167197 0.184767 0.224807
0 0.709192 0.154900 0.195283 0.309800
0 0.462458 0.110153 0.239383 0.211385
0 0.214671 0.097856 0.247792 0.195712
0 0.102083 0.234308 0.204167 0.218096
0 0.065338 0.104567 0.130675 0.209134
