0 0.716319 0.269392 0.064962 0.071017
0 0.569569 0.517733 0.051212 0.069367
0 0.615413 0.532050 0.045925 0.056900
0 0.621713 0.589758 0.046325 0.053117
0 0.590681 0.614292 0.036863 0.062083
0 0.574975 0.572958 0.042275 0.043350
0 0.515637 0.533392 0.043900 0.039017
0 0.532300 0.568892 0.051200 0.044983
0 0.489019 0.552633 0.033737 0.033067
0 0.452031 0.565367 0.054062 0.037933
0 0.451625 0.606825 0.054050 0.034150
0 0.583200 0.703833 0.049675 0.105367
0 0.554775 0.628800 0.030775 0.068867
0 0.535438 0.671533 0.053625 0.053400
0 0.527994 0.732033 0.050237 0.111267
0 0.501431 0.625667 0.059012 0.051367
0 0.462175 0.674433 0.056575 0.072167
0 0.494856 0.713775 0.035113 0.096250
0 0.452912 0.730025 0.051700 0.078050
0 0.448806 0.826967 0.063712 0.137533
0 0.399050 0.808900 0.072825 0.115967
0 0.380344 0.786650 0.083938 0.101133
0 0.316119 0.868233 0.080912 0.115967
0 0.376294 0.922167 0.071812 0.134833
0 0.281488 0.956733 0.100425 0.086533
0 0.288863 0.798292 0.091300 0.097383
0 0.355588 0.732750 0.075850 0.067433
0 0.195594 0.858225 0.109462 0.098317
0 0.226737 0.918767 0.075850 0.128100
0 0.156106 0.981142 0.089887 0.068383
0 0.111119 0.933017 0.104538 0.099267
0 0.027675 0.977750 0.055350 0.044500
0 0.020650 0.899242 0.041300 0.114250
0 0.025531 0.794033 0.051063 0.098333
0 0.084419 0.866600 0.086613 0.138900
0 0.108413 0.772967 0.103000 0.107700
0 0.166063 0.801058 0.077850 0.096750
0 0.240263 0.748383 0.067425 0.099267
0 0.176706 0.716083 0.094812 0.070233
0 0.304525 0.701567 0.062500 0.093633
0 0.359656 0.663642 0.061812 0.073983
0 0.415137 0.698750 0.051975 0.082400
0 0.423919 0.637425 0.058287 0.057117
0 0.380675 0.612133 0.046825 0.042133
0 0.235712 0.631025 0.057350 0.071017
0 0.326425 0.588500 0.044475 0.060867
0 0.285744 0.601367 0.045063 0.060100
0 0.366512 0.567425 0.034525 0.056183
0 0.405725 0.547908 0.029850 0.056183
0 0.416844 0.589667 0.027512 0.055400
