0 0.082172 0.113286 0.163985 0.222171
0 0.279157 0.093914 0.208701 0.187543
0 0.468157 0.091800 0.201239 0.183600
0 0.664604 0.119314 0.191657 0.238629
0 0.876918 0.104329 0.224881 0.208657
0 0.865418 0.298929 0.194209 0.295971
0 0.675679 0.363743 0.210821 0.318000
0 0.475075 0.210871 0.195493 0.325286
0 0.469963 0.473814 0.200612 0.381571
0 0.459746 0.696386 0.213373 0.366886
0 0.464216 0.839571 0.209537 0.320857
0 0.675575 0.638543 0.188463 0.403600
0 0.677701 0.783600 0.216149 0.432800
0 0.883731 0.517229 0.225731 0.446457
0 0.894918 0.790729 0.207627 0.418543
0 0.266381 0.399043 0.175687 0.375057
0 0.256799 0.685414 0.169299 0.442314
0 0.253604 0.796343 0.171418 0.407314
0 0.085545 0.273729 0.171090 0.356600
0 0.072231 0.463243 0.144463 0.385229
0 0.074358 0.695614 0.148716 0.364829
0 0.063179 0.801600 0.126358 0.377086
