0 0.280508 0.695952 0.024050 0.026644
0 0.944139 0.597730 0.030889 0.028185
0 0.918131 0.574426 0.027639 0.026007
0 0.860822 0.700593 0.033733 0.028148
0 0.791528 0.673759 0.031700 0.025474
0 0.878297 0.585400 0.027094 0.027096
0 0.855100 0.576144 0.030144 0.026644
0 0.818689 0.572078 0.024389 0.026644
0 0.787531 0.551081 0.021672 0.025289
0 0.759758 0.551533 0.023028 0.022578
0 0.737308 0.678148 0.030072 0.028726
0 0.690164 0.668126 0.024383 0.027096
0 0.637936 0.671919 0.022350 0.020593
0 0.575914 0.655441 0.020728 0.024926
0 0.415308 0.723089 0.024383 0.027096
0 0.376358 0.650293 0.021539 0.022215
0 0.701136 0.559881 0.022583 0.026341
0 0.700178 0.538804 0.024556 0.027474
0 0.652631 0.577137 0.019983 0.020778
0 0.661775 0.550493 0.021339 0.019874
0 0.658556 0.527011 0.021000 0.022585
0 0.636711 0.495626 0.013211 0.015800
0 0.628750 0.530396 0.021000 0.023030
0 0.615206 0.565622 0.021000 0.021230
0 0.613172 0.543493 0.016256 0.018511
0 0.588719 0.536585 0.023028 0.021674
0 0.576592 0.488267 0.012872 0.015807
0 0.579997 0.572111 0.022294 0.020696
0 0.556569 0.550844 0.023428 0.022578
0 0.517764 0.564585 0.018628 0.025215
0 0.503650 0.548211 0.015244 0.020319
0 0.498711 0.530344 0.016089 0.021430
0 0.466256 0.551411 0.027378 0.031237
0 0.424283 0.551222 0.023144 0.020696
0 0.403631 0.549015 0.020317 0.020593
0 0.379978 0.546952 0.020322 0.021133
0 0.361892 0.553185 0.015850 0.021674
0 0.338114 0.556704 0.019506 0.024385
0 0.307875 0.532970 0.017883 0.020593
0 0.293381 0.645396 0.022694 0.025785
0 0.251383 0.737993 0.034544 0.030711
0 0.249961 0.538389 0.023978 0.023844
0 0.227850 0.671211 0.022356 0.026007
0 0.181314 0.702630 0.025194 0.024963
0 0.118519 0.738137 0.031294 0.031978
0 0.053656 0.750548 0.033733 0.038474
0 0.945522 0.718411 0.035767 0.056363
0 0.896547 0.727626 0.035361 0.045519
