0 0.048219 0.690987 0.056183 0.085060
0 0.083919 0.673820 0.039797 0.061647
0 0.138349 0.634802 0.053843 0.060083
0 0.210335 0.715565 0.103005 0.098330
0 0.371601 0.758040 0.068132 0.065833
0 0.402305 0.612442 0.027505 0.024777
0 0.451319 0.612138 0.021402 0.019443
0 0.469781 0.619823 0.016462 0.017247
0 0.480953 0.645537 0.023285 0.031673
0 0.521319 0.633450 0.044708 0.044707
0 0.725041 0.623930 0.026247 0.028600
0 0.726454 0.593072 0.022298 0.024837
0 0.780338 0.610597 0.044900 0.045160
0 0.824228 0.593750 0.030490 0.024280
0 0.871506 0.579963 0.037163 0.038260
0 0.808559 0.600957 0.011798 0.020720
0 0.842926 0.603150 0.010207 0.011493
0 0.853871 0.595892 0.012817 0.017543
0 0.906640 0.584185 0.020510 0.013863
0 0.906007 0.607742 0.021645 0.017897
